2.763213
2.299533
2.349196
2.352230
2.687351
2.694750
2.559260
2.364853
2.329868
2.548149
2.744082
2.683352
2.600691
2.666804
2.426626
2.697149
2.301264
2.367188
2.502311
2.424137
2.547718
2.267210
2.693112
2.268930
2.400052
2.365574
2.855624
2.826762
2.347445
2.422397
2.280188
2.576694
2.221883
2.583946
2.211487
2.578020
2.952618
2.300580
3.077163
2.598425
2.282604
2.770590
2.324529
2.931442
2.695864
2.338320
2.306628
2.002774
2.628877
3.165704
2.250349
2.390867
2.139746
2.259612
2.888443
2.631565
2.190528
2.462819
2.260066
2.519544
2.550672
2.335833
2.515825
2.663244
2.661102
2.631653
2.350220
2.270256
2.615266
2.588257
2.341276
2.180132
2.288615
2.032873
2.662534
2.660690
2.563204
3.304590
2.537404
2.649127
2.723014
2.463465
2.454063
2.232899
2.510800
2.616854
2.504724
2.693530
2.507079
2.555738
2.134961
2.374306
2.533936
2.594512
2.773377
2.470155
2.504019
2.756820
2.358018
2.459048
2.246264
2.705316
2.336171
2.574234
2.784835
2.145632
1.983188
2.604754
2.218191
2.288257
2.570758
2.316123
2.643336
2.053766
2.771417
2.477031
2.300718
2.526676
2.392361
2.760434
2.517664
2.567385
2.191847
2.626157
2.797766
2.570127
2.726137
2.579295
2.347197
2.486153
2.418138
2.458606
2.568691
2.165085
2.606728
2.205269
2.522564
2.700434
2.775069
2.449791
2.257473
2.625855
2.402850
2.307077
2.384710
2.662143
2.212864
2.587573
2.300607
2.567537
2.745280
2.179654
2.512627
2.388672
2.540545
2.439491
2.520969
2.177503
2.513936
2.048553
2.146096
2.198950
2.371515
2.361656
2.555401
2.666867
2.690651
2.772241
2.607836
2.878593
2.618512
2.478888
2.311488
2.215619
2.441966
2.495400
2.432282
2.620766
2.555697
2.349590
2.647109
2.462664
2.432423
2.736424
2.254468
2.478118
2.398798
2.746297
2.571128
2.502524
2.242629
2.651376
2.538065
2.621217
2.298528
2.500719
2.415077
2.432182
2.575592
2.781312
2.750530
2.792409
2.304019
2.518213
2.668216
2.702245
2.669186
2.270482
2.436342
2.638041
2.735868
2.792080
2.721085
2.346388
2.212131
2.498544
2.227941
2.685945
2.288403
2.591419
2.300016
2.735508
2.595725
2.552072
2.462691
2.492288
2.607878
2.386302
2.481625
2.462113
2.460512
2.482303
2.130274
2.284640
2.413022
2.827004
2.603461
2.568032
2.360383
2.402976
2.637553
2.187174
2.531471
2.785512
2.530143
2.436033
2.426232
2.364934
2.465789
2.205534
2.832067
2.691852
2.623741
2.957179
2.745052
2.330830
2.449702
2.477847
2.587833
2.027150
2.589681
2.544598
2.744153
2.758937
2.626905
2.382852
2.535364
2.635713
2.890608
2.498237
2.312988
2.598028
2.625206
2.177426
2.521917
2.316037
2.576749
2.292859
2.770052
2.412945
2.486765
2.431186
2.183804
2.450114
2.625650
2.476733
2.426695
2.361504
2.509600
2.035307
2.702220
2.754341
2.366312
2.461728
2.244671
2.507118
2.426683
2.479657
2.274162
2.447868
2.636382
2.671250
2.284327
2.468505
2.517941
2.099626
2.467244
2.938358
2.524545
2.331280
2.657026
2.742365
2.547035
2.418764
2.397225
2.695792
2.379617
2.427175
2.563216
2.174395
2.340471
2.268762
2.420753
2.225434
2.153376
2.421471
2.904531
2.562495
2.693751
2.618303
2.315479
2.838826
2.414921
2.406633
2.403713
2.525137
2.629490
2.136006
2.425841
2.432878
2.604272
2.466155
2.310766
2.855604
2.422983
2.368241
2.713932
2.231314
2.805087
2.265667
2.774708
2.733777
2.279218
2.740123
2.494688
2.728245
2.353440
2.264458
2.226468
2.461543
2.275179
2.571545
2.411652
2.127351
2.243317
2.727699
2.836129
2.475339
2.875323
2.411198
2.869179
2.369432
2.401854
2.725225
2.683015
2.747125
2.075013
2.453754
2.951728
2.484918
2.594640
2.631096
2.355323
2.583855
2.340192
2.728915
2.538886
2.507210
2.606698
2.436661
2.379502
2.345667
2.210162
2.663980
2.603924
2.485114
2.566558
2.436977
2.844013
2.394285
2.858811
2.487211
2.628869
2.446738
2.417098
2.394754
2.555738
2.143900
2.647085
2.518194
2.285304
2.709560
2.294393
2.220451
2.512901
2.666748
2.440775
2.697702
2.725202
2.628609
2.756843
2.543750
2.698941
2.308155
2.454602
1.901818
2.105221
2.600496
2.366809
2.654836
2.676655
2.386238
2.353797
2.526237
2.426231
2.905710
2.538570
2.568207
2.264712
2.790390
2.745202
2.974433
2.216846
2.572617
2.397752
2.621537
2.551487
2.450410
2.439104
2.548601
2.340014
2.227498
2.440075
2.479930
2.523299
2.092976
2.400482
2.316244
2.649314
2.593255
2.126339
2.375106
2.356491
2.577104
2.754080
2.501772
2.597391
2.200077
2.191517
2.316177
2.429323
2.619520
2.394944
2.383379
3.013195
2.551421
2.530210
2.569924
2.432825
2.767511
2.424968
2.746264
2.108619
2.387584
2.465397
2.602509
2.762832
2.076924
2.213038
2.454848
2.517681
2.499590
2.638358
2.537236
2.573733
2.821477
2.372786
2.319709
2.463388
2.310266
2.521133
2.298915
2.357667
2.489914
2.771516
2.612572
2.572518
2.771902
2.570851
2.548629
2.448912
2.414186
2.429003
2.444295
2.502372
2.228822
2.464695
2.427369
2.245686
2.739526
2.583711
2.497832
2.692922
2.801018
2.547741
2.568560
2.610520
2.116424
2.478838
2.638329
2.706342
2.841362
2.622485
2.801094
2.458942
1.885659
2.638663
2.371883
2.407943
2.306369
2.566778
2.727939
2.418491
2.299059
2.313925
2.476956
3.049726
2.838039
2.267672
2.271395
2.551134
2.693052
2.866659
2.162780
2.575370
2.472522
2.437990
2.255494
2.275303
2.353106
2.389636
2.579780
2.473477
2.873666
2.633296
2.429292
2.712556
2.273699
2.197505
2.619057
2.117589
2.430509
2.466630
2.622796
2.376572
2.688890
2.508121
2.515145
2.715101
2.253858
2.526808
2.535203
2.621469
2.502634
2.096673
2.287968
2.696514
2.803597
2.522883
2.443285
2.626064
2.334541
2.622550
2.403089
2.824964
2.369114
2.699689
2.397144
3.037843
2.310657
2.879655
2.237812
2.433175
2.327315
2.725206
2.374420
2.727982
2.059058
2.819636
2.545985
2.740214
2.650085
2.351013
2.345382
2.484916
2.160565
2.400523
2.447001
2.069241
2.202265
2.328440
2.708781
2.512376
2.409852
2.475906
2.403276
2.449186
2.566833
2.717476
2.724489
2.652665
2.762572
2.509268
2.872623
2.313775
2.480519
2.871776
2.998715
2.655432
2.335217
2.555216
2.466479
2.555586
2.554996
2.764353
2.412290
2.821397
2.551864
2.733983
2.583435
2.777830
2.749596
2.672522
2.721962
2.430128
2.673307
2.491559
2.471087
2.517884
2.421778
2.655082
2.676213
2.202233
2.456404
2.415484
2.372476
2.914412
2.494345
2.466746
2.628090
2.394851
2.272889
2.517127
2.460491
2.719200
2.506483
2.564775
2.861721
2.428744
2.600971
2.684830
2.752941
2.357920
2.624369
2.591062
2.595515
2.467906
2.509174
2.085706
2.239209
2.749232
2.656463
2.674146
2.488154
1.955951
2.365189
2.259495
2.599886
2.581787
2.607946
2.542331
2.826206
2.401733
2.397151
2.700910
2.455645
2.608933
2.631964
2.176046
2.741650
2.309148
2.495247
2.217912
2.613991
2.606360
2.297810
2.364397
2.793741
2.631938
2.311705
2.617018
2.455384
2.503276
2.198509
2.190385
2.204304
2.584388
2.472885
2.176791
2.589524
2.532748
2.606973
2.420249
2.497485
2.722406
2.793011
2.403365
2.386613
2.830040
2.314749
2.665050
2.557545
2.453385
2.340306
2.423604
2.571217
2.653889
2.323505
2.486147
2.240671
2.470053
2.246813
2.499480
2.217452
2.414014
2.376860
2.194554
2.511998
2.504109
2.615791
2.606883
2.630090
2.475983
2.736644
2.570405
2.742570
2.365189
2.684842
2.256168
2.605588
2.300163
2.271209
2.509534
2.458698
2.467378
2.187805
2.582546
2.548819
2.496472
2.653027
2.657648
2.696391
2.699079
2.303062
2.700787
2.108214
2.197344
2.574612
2.502586
2.826600
2.470388
2.663354
2.280411
2.630643
2.450378
2.420663
2.684932
2.502588
2.601129
2.569542
2.270046
2.606538
2.291662
2.558455
2.868131
2.481388
2.663436
2.578107
2.797358
2.637484
2.897999
2.589771
2.671332
2.724534
2.946483
2.730063
2.637345
2.815500
2.547574
2.312611
2.408338
2.324051
2.458672
2.867663
2.492104
2.466820
2.463187
2.828891
2.165792
2.675419
2.272065
2.434054
2.478510
2.433170
2.360048
2.456519
2.200503
2.664220
2.179692
2.621426
2.383040
2.802694
2.522072
2.565215
2.736557
2.298928
2.761145
2.432123
2.479051
2.619939
2.443565
2.374055
2.656963
2.192215
2.421703
2.508468
2.479140
2.374554
2.448335
2.534442
2.787872
2.720766
3.014949
2.472565
2.601071
2.169866
2.538161
2.209391
2.336220
2.405205
2.264241
2.230528
2.622138
2.243030
2.395933
2.387882
2.330154
2.668112
2.388174
2.352141
2.383317
2.704296
2.895915
2.526296
2.595762
2.639996
2.681543
2.613935
2.615679
2.231936
2.950390
2.502210
2.550598
2.562580
2.420277
2.147912
2.451982
2.402952
2.421206
2.582837
2.643954
2.408829
2.275177
2.656802
2.401522
2.734642
2.812336
2.521575
2.090175
2.284970
2.468417
2.534984
2.451155
2.567104
2.548225
2.465114
2.755480
2.013757
2.667732
2.448715
2.641147
2.513279
2.761984
2.559588
2.549314
2.420937
2.542618
2.614992
2.583099
2.865587
2.621953
2.302063
2.326292
2.684525
2.316779
2.544062
2.255876
2.399340
2.828096
2.541557
2.268815
2.987324
2.653180
2.495660
2.657905
2.502366
2.593162
2.451146
2.487918
2.163911
2.399915
2.240984
2.324504
2.219111
2.311282
2.487050
2.269235
2.455807
2.408117
2.278045
2.275055
2.133589
2.535205
2.681233
2.113593
2.724188
2.363610
2.596673
2.667378
2.374319
2.678703
2.489076
2.426861
2.818218
2.415088
2.445454
2.616573
2.791404
2.567478
2.651856
2.499655
2.451519
2.510104
2.404734
2.576221
2.285416
2.653009
2.430476
2.531998
2.398416
2.575204
2.623220
2.531888
2.595846
2.274785
2.379748
2.595470
2.868757
2.576049
2.501219
2.510088
2.030044
2.479528
2.592819
2.403886
2.254070
2.599970
2.452704
2.243696
2.508755
2.272757
2.605274
2.640478
2.920998
2.758051
2.272570
2.450974
2.761271
2.374226
2.974546
2.289747
2.465277
2.193156
2.698939
2.707387
2.578203
2.604963
3.079361
2.420343
2.549399
2.577496
2.604926
2.171956
2.331057
2.206562
2.908095
2.695813
2.587263
2.488893
2.215162
2.706053
2.796198
2.452084
2.711933
2.473609
2.486289
2.682740
2.566245
2.336501
2.740844
2.612236
2.371744
2.060566
2.741029
2.402984
2.404992
2.316992
2.484131
2.428531
2.407590
2.385598
2.242585
2.554478
2.587395
2.587333
2.374941
2.399011
2.522543
2.413612
2.477801
2.589238
2.480595
3.082331
2.653687
2.473499
2.589217
2.357168
2.644809
2.411595
2.650623
2.606586
2.365844
2.574652
2.226481
2.531422
2.829511
2.531565
2.946728
2.371823
2.563267
2.439616
2.700739
2.957054
2.512516
2.427493
2.550539
2.504814
2.109555
2.128837
2.490425
2.283478
2.226820
2.390855
2.460333
2.399740
2.414499
2.555238
2.588213
2.408773
2.579275
2.459527
2.510101
2.824910
2.462461
2.549851
2.799688
2.594685
2.469456
2.557926
2.734182
2.251586
2.133591
2.565766
2.487987
2.707814
2.496961
2.509121
2.932417
2.856097
2.551634
2.573395
2.526098
2.455285
2.342693
2.336490
2.642602
2.469116
2.739908
2.502457
2.317561
2.396667
2.429351
2.390467
1.991138
2.415203
2.420419
2.077388
2.482903
2.376279
2.668402
2.090860
2.439550
2.137012
2.314268
2.448783
2.243674
2.556293
2.545270
2.680377
2.426887
2.339175
2.311685
2.496216
2.807309
2.514957
2.310195
2.449973
2.740336
2.586996
2.170716
2.269800
2.651981
2.782782
2.252868
2.515569
2.207318
2.533058
2.080636
2.774869
2.543230
2.417012
2.536212
2.711983
2.597917
2.348288
2.605590
2.264685
2.578299
2.391699
2.393999
2.529149
2.614530
2.842164
2.526974
2.563715
2.569228
2.122968
2.453238
2.650191
2.406069
2.568480
2.702777
2.540074
2.473039
1.779469
2.662887
2.254923
2.257077
2.595301
2.845085
2.458850
2.539634
2.697418
2.432980
2.567107
2.729130
2.252506
2.342944
2.546479
2.478085
2.702870
2.445331
2.113042
2.086860
2.732485
2.467809
2.550206
2.846859
2.119684
2.287386
2.821702
2.519412
2.599287
2.479665
2.574491
2.340962
2.697297
2.699516
2.595903
2.323724
2.554213
2.222722
2.562311
2.523885
2.825567
1.822890
2.399602
2.451950
2.887114
2.494985
2.316743
2.765731
2.310647
2.530512
2.218110
2.425366
2.448364
2.105459
2.544305
2.431535
2.212096
2.718379
2.389599
2.814947
2.391087
2.504974
2.323274
2.497194
2.151915
2.640137
2.060937
2.528329
2.385719
2.645633
2.214702
2.082487
2.320439
2.502756
2.696346
2.743761
2.540589
2.297408
2.447117
2.203301
2.577226
2.487119
2.478541
2.418370
2.626490
2.291316
2.561988
2.582987
2.728600
2.697482
2.244795
2.252428
2.553326
2.634956
2.589501
2.341336
2.695656
2.339870
2.496712
2.050108
2.386063
2.338205
2.617582
2.334629
2.392653
2.288017
2.406686
2.519671
2.493105
2.454514
2.532091
1.922193
2.210997
2.346160
2.579225
2.438784
2.594174
2.362137
2.569931
2.348519
2.572504
2.236741
2.745635
2.545296
2.275498
2.375992
2.502850
2.670408
2.476434
2.507087
2.206732
2.485238
2.067992
2.559064
2.695536
2.339333
2.669076
2.894990
2.486402
2.541410
2.498096
2.738792
2.191616
2.961507
2.201228
2.605545
2.399344
2.416955
3.001728
2.446436
2.582531
2.517499
2.364284
2.512824
2.679245
2.695401
2.390750
2.408962
2.519664
2.322330
2.854922
2.484409
2.379682
2.417268
2.521737
2.317981
2.620642
2.581464
2.574248
2.770315
2.250198
2.520452
2.528234
2.506314
2.268859
2.300345
2.814195
2.569526
2.573199
2.501116
2.795894
2.593332
2.243867
2.692170
2.711518
2.418947
2.919706
2.496442
2.680661
2.200873
2.293654
2.692201
2.498919
2.651330
2.836887
2.218086
2.532726
2.660890
2.426149
2.461592
2.435782
2.583898
2.676738
2.618477
2.249349
2.341470
2.509791
2.332864
2.603423
2.425320
2.648990
2.557421
2.514623
2.400599
2.242195
2.691572
2.478584
2.321893
2.819887
2.653889
2.580563
2.414866
2.540581
2.391082
2.280592
2.672530
2.137080
2.431135
2.409853
2.381551
2.385189
2.250019
2.736504
2.461634
2.193945
2.067565
2.454847
2.257779
2.597178
2.519304
2.795194
2.411425
2.694463
2.446872
2.557955
2.651768
2.143761
2.313895
2.530529
2.926653
2.293923
2.313056
2.316480
2.507024
2.627086
1.918963
2.528390
2.530696
2.468507
2.463280
2.305451
2.304154
2.196529
2.281157
2.451396
2.390964
2.449886
2.249383
2.920310
2.668997
2.729613
2.738964
2.317137
2.883474
2.025225
2.637843
2.717900
2.543237
2.685638
2.681496
2.754397
2.467570
2.861762
2.348330
2.352000
2.690179
2.472919
2.409784
2.341651
2.473615
2.556853
2.708717
2.525047
2.462659
2.651880
2.449800
2.351070
2.643927
2.590845
2.266055
2.319584
2.617698
2.795299
2.584353
2.633107
2.702232
3.187125
2.697347
2.594009
2.332610
2.211584
2.378969
2.499005
2.691299
2.554333
2.474792
2.513717
2.457422
2.438003
2.478741
2.496092
2.475205
2.642937
2.867823
2.583595
2.557701
2.591822
2.607920
2.332229
2.599340
2.679099
2.165864
2.343432
2.754422
2.553490
2.557868
2.297223
2.237438
2.288540
2.661770
2.429873
2.434366
2.723974
2.587340
2.432860
2.773863
2.455388
2.591084
2.395320
2.430643
2.344226
2.530555
2.522708
2.642090
2.661696
2.599989
2.411031
2.383047
2.585040
2.269099
2.228944
2.588525
2.383158
2.519316
2.233236
2.589947
2.619988
2.240061
2.642036
2.573760
2.344209
2.426096
2.282310
2.512380
2.288680
2.409614
2.387822
2.716471
2.304231
2.833941
2.151883
2.664529
2.265967
2.744187
2.314945
2.307980
2.630648
2.760907
2.574210
2.718296
2.693689
2.520490
2.309829
2.499675
2.341681
2.898162
2.648641
2.328877
2.640723
2.628203
2.357543
2.407209
2.890802
2.437906
2.682261
2.531321
2.624236
2.284567
2.671836
2.441660
2.484449
2.343809
2.359444
2.393890
2.727972
2.267284
2.318296
2.803472
2.602953
2.649245
2.179047
2.891418
2.460235
2.568948
2.325609
2.395250
2.347569
2.753099
2.478108
2.580484
2.570254
2.442706
2.515721
2.343043
2.260595
2.362608
2.305917
2.440959
2.621361
2.386414
2.704757
2.374467
2.489121
2.418732
2.884152
2.642602
2.584634
2.409693
2.794304
2.655334
2.533414
2.638007
2.545328
2.293043
2.566467
2.373659
2.561866
2.824220
2.605960
2.330305
2.236793
2.140358
2.388125
2.727963
2.445714
2.642265
2.678184
2.434930
2.661526
2.608517
2.683757
2.340630
2.736315
2.395597
2.858683
2.181316
2.250082
2.621586
2.398881
2.430565
2.381990
2.609122
2.207539
2.471133
2.690111
2.686789
2.898206
2.330660
2.693186
2.307691
2.651107
2.468911
2.672320
2.532531
2.553313
2.377030
2.746093
2.390528
2.518129
2.903356
2.271011
2.391444
2.490111
2.689927
2.757559
2.870201
2.457547
2.496961
2.145549
2.354973
2.425725
2.552145
2.558862
2.479920
2.565615
1.937540
2.645299
2.847406
2.570595
2.566151
2.517342
2.495690
2.498330
2.282939
2.803131
2.673980
2.429815
2.357784
2.538817
2.550098
2.605471
2.479414
2.406862
2.745513
2.431596
2.059166
2.666508
2.522247
2.688784
2.530260
2.595965
2.450007
2.397629
2.396213
2.282956
2.740294
2.133380
2.196957
2.613078
2.393280
2.358608
2.539077
2.383082
2.195571
3.023061
2.576049
2.268180
2.527164
2.244740
2.622588
2.473605
2.601559
2.428645
2.658466
2.366623
2.737364
2.870007
2.608707
2.264406
2.317435
2.567940
2.612059
2.521408
2.759349
2.357568
2.041395
2.393570
2.617040
2.563350
2.503164
2.357860
2.541407
2.503520
2.257120
2.543415
2.530717
2.551923
2.275098
2.402740
2.688968
2.569095
2.760871
2.325782
2.732195
2.270294
2.892742
2.211021
2.575563
2.902015
2.580302
2.480082
2.863999
2.293585
2.249122
2.922779
2.313629
2.721009
2.470800
2.269446
2.655241
2.735953
2.458876
2.572010
2.026768
2.353769
2.653134
2.399915
2.494313
2.538758
2.478693
2.724791
2.745771
2.561037
2.330102
2.692539
2.624084
2.292721
2.609774
2.830202
2.269974
2.489171
2.729459
2.328556
2.570789
2.769087
2.386517
3.017984
2.779238
2.599793
2.345590
2.301795
2.535047
2.478080
2.665727
2.235010
2.542463
2.607489
2.590077
2.251530
2.466027
2.684727
2.529581
2.358031
2.174378
2.523022
2.460015
2.563710
2.354391
2.328371
2.579585
2.435238
2.786200
2.425202
2.145395
2.704498
2.193675
2.308894
2.538439
2.443761
2.496768
2.615679
2.544759
2.286280
2.611195
2.707016
2.459548
2.271871
2.489842
2.346520
2.385287
2.436536
2.578099
2.646315
2.284418
2.494974
2.328822
2.406063
2.448579
2.659524
2.653730
2.732866
2.321550
2.250843
2.573330
2.502847
2.606520
2.906515
2.617963
2.537193
2.745956
1.997247
2.440453
1.889335
2.544607
2.653339
2.580604
2.543406
2.689361
2.717477
2.865351
2.441550
2.368138
2.371372
2.240283
2.611127
1.934878
2.652728
2.435136
2.542025
2.669686
2.960286
2.786921
2.458871
2.790632
2.707547
2.773236
2.584072
2.392212
2.414361
2.617794
2.464082
2.814066
2.326397
3.148896
2.260427
2.280364
2.906053
2.696973
2.309069
2.630328
2.500681
2.335643
2.322499
2.480135
2.641220
2.459075
2.572182
2.397406
2.491230
2.266672
2.357742
2.568864
2.410655
2.778602
2.208219
2.680745
2.800995
2.467172
2.354113
2.537969
2.118914
2.273911
2.554210
2.509396
2.035108
2.545696
2.382083
2.804288
2.247155
2.753346
2.609653
2.084861
2.556905
2.529757
2.264672
2.551343
2.556416
2.602481
2.019865
2.457916
2.153132
2.163838
2.414874
2.504637
2.132475
2.269037
2.437436
2.458095
2.499955
2.559410
2.509196
2.699988
2.419071
2.134139
2.382935
2.293734
2.381262
2.382949
2.264769
2.461592
2.518907
2.557603
2.710255
2.606875
2.799251
2.476196
2.609053
2.815546
2.351795
2.229523
2.450287
2.563115
2.291831
2.387626
2.667636
2.674179
2.515423
2.649300
2.363020
2.514173
2.467230
2.577015
2.573354
2.344953
2.523564
2.681662
2.561851
2.450746
2.229229
2.512733
2.409841
2.022742
2.416953
2.781734
2.384479
2.621083
2.709877
2.328337
2.302642
2.512537
2.495495
2.235773
2.467739
2.534660
2.064061
2.222458
2.871062
2.240144
2.506550
2.583373
2.546467
2.574681
2.605886
2.589207
2.279900
2.299593
2.733713
2.503794
2.593117
2.693970
2.415525
2.598540
2.321578
2.741065
2.504214
2.813971
2.636082
2.812009
2.203183
2.159592
2.195819
2.270529
2.552905
2.642224
2.646277
2.030969
2.680341
2.424246
2.758687
2.592733
2.777747
2.861618
2.484952
2.434230
2.728655
2.246484
2.594070
2.632867
2.641616
2.062857
2.458299
2.514871
2.514354
2.460514
2.480679
2.349140
2.940200
2.541104
2.469415
2.588964
2.805672
2.799984
2.330905
2.561713
2.610367
2.476286
2.329045
2.430316
2.604595
2.540211
2.386349
2.284864
2.642606
2.520143
2.172858
2.471043
2.272345
2.339765
2.534542
2.563782
2.236544
2.726306
2.760074
2.611208
2.437018
2.393586
2.439452
2.274374
2.413160
2.061333
2.489210
2.155531
2.494741
2.511939
2.450667
2.344219
2.468852
2.465244
2.379890
2.322376
2.767053
2.471905
2.745011
2.452896
2.399015
2.631109
2.692911
2.990185
2.770929
2.446101
2.412283
2.308892
2.624646
2.239460
2.733797
2.451963
2.517903
2.308444
2.192675
2.580213
2.421832
2.560643
2.497720
2.707919
2.495016
2.463422
2.529826
2.200401
2.444985
2.636760
2.742546
2.313326
2.473694
2.304559
2.465420
2.864236
2.394563
2.728905
2.427740
2.393400
2.505366
2.392477
2.589322
2.034346
2.354118
2.378039
2.533773
2.595796
2.528640
2.397750
2.526444
2.240871
2.588679
2.145012
2.574628
2.393826
2.719836
2.592330
2.456045
2.237114
2.483692
2.815873
2.397593
2.728528
2.490951
2.111930
2.584727
2.360146
2.612780
2.481522
2.436429
2.369023
2.740889
2.291966
2.419343
2.508473
2.828427
2.653845
2.431839
2.521136
2.707095
2.227861
2.444073
2.450162
3.020010
2.504371
2.465024
2.650857
2.597296
2.386923
2.333627
2.503192
2.217691
2.680905
2.677025
2.131448
2.832185
2.467828
2.756223
2.612117
2.431379
2.684621
2.012690
2.556059
2.469372
2.615049
2.538201
2.440919
2.640578
2.571213
2.226000
2.590821
2.756495
2.808304
2.379042
2.399140
2.537364
2.797124
2.703369
2.367297
1.860313
2.553757
2.667469
2.228239
2.652116
2.558901
2.304455
2.413942
2.146165
2.615771
2.677876
2.475757
2.570678
2.175202
2.704098
2.476822
2.235120
2.576302
2.851365
2.382927
2.810887
2.528962
2.248239
2.497103
2.647234
2.456750
2.158268
2.169769
2.429270
2.348205
2.761563
2.553869
2.371990
2.382245
2.477663
2.353849
2.313606
2.447607
2.247706
2.362291
2.562656
2.690277
2.638498
2.963130
2.621967
2.779082
2.453334
2.419117
2.451000
2.460454
2.326956
2.692157
2.373081
2.614755
2.389586
2.755096
2.766888
2.657812
2.648401
2.697155
2.762873
2.612529
2.721736
2.730262
2.569313
2.274997
2.223469
2.545253
2.350331
2.351946
2.352312
2.192363
2.706279
2.319252
2.174238
2.217538
2.532407
2.032146
2.366470
2.592822
2.413188
2.802012
2.812715
2.364709
2.688262
2.458884
2.427262
2.779429
2.645956
2.809187
3.105776
2.303677
2.482577
2.423198
2.377316
2.575900
2.603667
2.709637
2.531118
2.405161
2.295929
2.852446
2.397142
2.392853
2.503206
2.750155
2.431845
2.223949
2.936877
2.756702
2.704866
2.375718
2.545050
2.089487
2.536045
2.814746
2.966626
2.578609
2.359144
2.232721
2.528902
2.339947
2.463558
2.573395
2.803884
2.240924
2.505994
2.385075
2.540864
2.439624
2.779154
2.907533
2.615494
2.550021
2.590576
2.478138
2.545151
2.618591
2.624460
2.623126
2.693734
2.319903
2.279965
2.657792
2.554452
2.754150
2.672765
2.662051
2.578173
2.520579
2.552977
2.544247
2.753940
2.635627
2.580196
2.258059
2.479086
2.598347
2.223324
2.313916
2.208710
2.644192
2.613796
2.324258
3.024586
2.389922
2.418744
2.492066
2.597040
2.353002
2.699507
2.462906
2.063983
2.747030
2.665689
2.270178
2.983632
2.392311
2.674465
2.734833
2.845829
2.336951
2.464187
2.364094
2.686404
2.794164
2.569077
2.211849
2.492209
2.485698
2.598238
2.729830
2.113519
2.390276
2.521682
2.551440
2.224794
2.592388
2.342979
2.661199
2.697692
2.671304
2.442181
2.253084
2.164233
2.265437
2.600450
2.755530
2.596999
2.482229
2.237017
2.411340
2.529195
2.415510
2.524367
2.156366
2.622232
2.524101
2.902075
2.539279
2.591926
2.587402
2.520640
2.564968
2.217205
2.889525
2.224249
2.731405
2.861240
2.442797
2.968153
2.438001
2.327317
2.509562
2.492630
2.626516
2.662264
3.199594
2.444866
2.623588
2.572743
2.591072
2.648173
2.675488
2.270563
2.403457
2.751590
2.192146
2.444352
2.636594
2.533505
2.520530
2.302065
2.527380
2.490594
2.345033
2.458507
2.342395
2.512522
2.551690
2.576206
2.354562
2.418338
2.485774
2.174036
2.385455
2.564847
2.753697
2.706714
2.693406
2.678204
2.517981
2.286443
2.415851
2.472272
2.316955
2.242577
2.588830
2.576500
2.263085
2.427975
2.261104
2.327559
2.403078
2.184668
2.419811
2.393433
2.578223
2.287143
2.468167
2.396874
2.680353
2.567072
2.498086
2.653588
2.707254
2.347276
2.480046
2.609744
2.523669
2.636986
2.688279
2.433244
2.544654
2.326118
2.648810
2.357595
2.268307
2.701782
2.844520
2.354366
2.340411
2.334085
2.137424
2.289075
2.599911
2.565171
2.535294
2.152580
2.292919
2.835614
2.589310
2.468665
2.503463
2.628218
2.477836
2.593959
2.684433
2.349925
2.635723
2.323616
2.522017
2.618462
2.302637
2.363881
2.541917
2.743912
2.468783
2.172930
2.420197
2.286580
2.507971
2.177928
2.618359
2.280703
2.646682
2.664061
2.916327
2.110769
2.464229
2.549191
2.342344
2.465575
2.669612
2.518888
2.779116
2.735438
2.667625
2.530643
2.461601
2.456706
2.363642
2.464681
2.900414
2.284349
2.468354
2.403437
2.492563
2.542162
2.311735
2.564301
2.473108
2.546464
2.513297
2.504417
2.668860
2.416502
2.804692
2.534483
2.595935
2.378781
2.488670
2.628050
2.241445
2.685174
2.484001
2.721914
2.951201
2.359168
2.450793
2.445580
2.670314
2.140223
2.142107
2.553910
2.624785
2.545449
2.218005
2.491250
2.777542
2.579701
2.268753
2.520270
2.482790
2.505122
2.427189
2.319979
2.621002
2.826286
2.738867
2.049254
2.419149
2.632662
2.320978
2.457785
2.883747
2.648496
2.556879
2.503938
2.334457
2.240708
2.459522
2.458510
2.352571
2.640546
2.512091
1.994246
2.619042
2.761559
2.602113
2.387249
2.858863
2.397843
2.689188
2.108897
2.613304
2.550308
2.507709
2.232924
2.517465
2.523589
2.363935
2.434079
3.380957
2.495023
2.712481
2.341336
2.648309
2.547539
2.525253
2.524795
2.283251
2.255536
2.610736
2.370196
2.491181
2.711103
2.712967
2.572144
2.500838
2.313985
2.553864
2.460498
2.249474
2.437512
2.469375
2.043252
2.276939
2.220395
2.588130
2.747985
2.372565
2.726505
2.273348
2.234582
2.348821
2.450983
2.453342
2.129844
2.105398
2.463984
2.681807
2.282333
2.236673
2.203430
2.684418
2.545603
2.423064
2.450432
2.694909
2.674249
2.440958
2.366109
2.206672
2.735708
2.334102
2.709221
2.116447
2.348017
2.371256
2.792185
2.551114
2.371162
2.282089
2.615021
2.576353
2.430831
3.002384
2.312602
2.630748
2.404930
2.893830
2.531960
2.662421
2.258210
2.517483
2.509655
1.885863
2.359582
2.356984
2.954914
2.381248
2.272139
2.413150
2.610813
2.625474
2.745292
2.597246
2.559629
2.344885
2.378208
2.458294
2.543009
2.339279
2.737401
2.329031
2.308539
2.790836
2.859715
2.423159
2.566513
2.501472
2.530477
2.306545
2.415376
2.907718
2.747786
2.134465
2.602601
2.248883
2.770886
2.584549
2.418990
2.471840
3.291429
2.430148
2.444840
2.770618
2.773361
2.308354
2.393185
2.508800
2.727700
2.185805
2.198099
2.230022
2.345515
2.324956
2.484045
2.712010
2.666112
2.207772
2.517775
2.594742
2.484632
2.565378
2.784170
2.520294
2.069892
2.493263
2.555589
2.439427
2.793648
2.345688
2.414163
2.551687
2.359775
2.484396
2.210531
2.794550
2.434068
2.704359
2.641902
2.528181
2.436631
2.544200
2.440467
2.335401
2.568272
2.718025
2.815604
2.400255
2.328406
2.516589
2.538651
2.693003
2.504057
2.460351
2.363405
2.102578
3.001660
2.916566
2.740454
2.788613
2.583111
2.755337
2.822119
2.504423
2.376001
2.673166
2.727566
2.717589
2.443551
2.361156
2.652534
2.700566
2.467294
2.327646
2.485483
2.655013
2.333076
2.331933
2.466272
2.702142
2.479687
2.533385
2.749885
2.381739
2.680698
2.386306
2.376846
2.752710
2.396701
2.686860
2.459206
2.676644
2.649987
2.725552
2.522895
2.703823
2.541658
2.493605
2.760580
2.072724
2.885793
2.402658
2.199382
2.282514
2.621727
2.732464
2.508205
2.293817
2.545094
2.592079
2.730797
2.503232
2.793536
2.599976
2.587246
2.642600
2.431890
2.720152
2.474853
2.985411
2.564637
2.614327
2.846154
2.362601
2.744331
2.330371
2.587458
2.805490
1.993616
2.363651
2.813455
2.484030
2.487462
2.175249
2.395620
2.024156
2.081512
2.644482
2.384737
2.833683
2.448154
2.344488
2.593822
2.605615
2.885961
2.323162
2.733574
2.701482
2.714493
2.328611
2.641967
2.577792
2.238013
2.606455
2.251599
2.419789
2.314116
2.050051
2.333355
2.661866
2.362562
2.172876
2.606241
2.412423
2.366546
2.604106
2.621638
2.536699
2.395001
2.381905
2.287506
2.600600
2.517813
2.389982
2.512743
2.768745
2.439064
2.459495
2.778829
2.436695
2.528154
2.791888
2.435147
2.076483
2.285272
2.249062
2.621204
2.285881
2.575875
2.632136
2.485120
2.481465
2.239812
2.513067
2.827523
2.393835
2.693847
2.356768
2.343701
2.454585
2.621353
2.852046
2.465205
2.179395
2.230075
2.671846
2.386015
2.459740
2.726009
2.260655
2.512617
2.265309
2.754595
2.264282
2.921202
2.560232
2.321530
2.336717
2.524588
2.700107
2.594010
2.514960
2.054347
2.333764
2.727378
2.672730
2.308129
2.615436
2.637752
2.700617
2.292889
2.364428
2.366339
2.582873
2.390339
2.573332
2.630127
2.467191
2.575428
2.545289
2.522760
2.168866
2.712801
2.368347
2.627711
2.173695
2.611957
2.600231
2.442841
2.610560
2.348406
2.514239
2.041974
2.427768
2.367269
2.484717
2.401210
1.964815
2.330924
2.887971
2.822902
2.710955
2.561012
2.746048
2.483119
2.663527
2.310132
2.188775
2.585569
2.541278
2.480158
2.442716
2.167950
2.705283
2.451729
2.651813
2.498810
2.216297
2.525632
2.630581
2.049893
2.738470
2.471016
2.417407
2.061216
2.703899
2.299434
2.599795
2.253783
2.562361
2.397283
2.809312
2.449645
2.301221
2.191891
2.304809
2.368546
1.944365
2.177066
2.349180
2.663669
2.485240
2.726700
2.797403
2.669891
2.837837
2.334190
2.548829
2.316306
2.633601
2.515872
2.257686
2.201758
2.568817
2.568058
2.236847
2.697229
2.446925
2.693851
2.567362
2.710408
2.075294
2.832446
2.456112
2.260101
2.601237
2.321781
2.583144
2.570940
2.493364
2.238541
2.299244
2.466033
2.695375
2.613430
2.439879
2.564779
2.404352
2.431987
2.602017
2.467076
2.355179
2.149899
2.500795
2.173404
2.401166
2.432338
2.270134
2.567561
2.733033
2.456329
2.478611
2.486308
2.505558
2.309145
2.608458
2.812394
2.568704
2.570689
2.284857
2.519937
2.739422
2.932797
2.487571
2.674652
2.257727
2.227667
2.261943
2.531847
2.369610
2.569346
2.647321
2.649333
2.808193
2.525625
2.638976
2.698149
2.400931
2.189817
2.709969
2.500252
2.717742
2.186728
2.691848
2.515293
2.112372
2.443966
2.136105
2.447913
2.279241
2.079269
2.186343
2.126052
2.295418
2.346003
2.683163
2.356438
2.069056
2.385193
2.287181
2.305624
2.394162
1.910530
2.656934
2.300002
2.185944
2.724931
2.285687
2.294567
2.266881
2.252127
2.617773
2.466434
2.667614
2.712610
2.521798
2.276717
2.587639
2.560829
2.254651
3.048474
2.270921
2.580619
2.134301
2.643834
2.163914
2.851984
2.632042
2.611367
2.529817
2.583514
1.961566
2.057805
2.539982
2.423677
2.177472
2.509600
2.435755
2.293239
2.306839
2.599940
2.411035
2.404466
2.433657
1.975558
2.460495
2.859918
2.537943
2.536222
2.298121
2.481674
2.317543
2.895623
2.741266
2.620714
2.547204
2.797325
2.368637
2.564335
2.594738
2.720508
2.395576
2.292629
2.750376
2.609666
2.196171
2.650747
2.879445
2.449390
2.221260
2.453065
2.343964
2.627500
2.301768
2.677563
2.693921
2.308084
2.337955
2.680077
2.201306
2.558499
2.354254
2.357715
2.327832
2.047487
2.145419
2.662619
2.989414
2.712133
2.484164
2.348728
2.684000
2.292819
2.305075
2.363122
2.700025
2.836073
2.378258
2.265935
2.317869
3.129832
2.454045
2.555981
2.657472
2.525628
2.642499
2.541312
2.574469
2.499393
2.549118
2.695146
2.524406
2.380806
2.723060
2.365187
1.997064
2.557035
2.528371
2.740604
2.426057
2.523571
2.612971
2.439653
2.450221
2.347004
2.649315
2.579755
2.387128
2.472832
2.563029
2.457427
2.935706
2.402481
2.686681
2.423493
2.803411
2.217091
2.308472
2.409505
2.126339
2.502621
2.997458
2.470692
2.352466
2.490501
2.300947
2.382502
2.476774
2.464109
2.573251
2.614121
2.666559
2.560138
2.349545
2.581767
2.500619
2.294488
2.536773
2.543375
2.351626
2.727515
2.525568
2.522411
2.540041
2.158707
2.699573
2.544739
2.513587
2.505086
2.963522
2.250789
2.959620
1.818635
2.432045
2.656633
2.393654
2.449134
2.436324
2.514275
2.524120
2.484386
2.497087
2.417600
2.362463
2.216501
2.341507
2.325492
2.348998
2.548275
2.165681
2.863800
2.642907
2.662291
2.467023
2.507845
2.673751
2.604353
2.590679
2.585000
2.547079
2.519386
2.324337
2.532059
2.352880
2.335508
2.395997
2.424969
2.606661
2.411196
2.411773
2.729065
2.700161
2.602883
2.248878
2.316600
2.637533
2.550422
2.750747
2.695872
2.289047
2.592840
2.318650
2.282916
2.923436
2.704970
2.680815
2.627176
2.506869
2.396754
2.560182
2.618889
2.431692
2.674431
2.514980
2.670522
2.541804
3.020567
2.412310
2.595085
2.499793
2.628295
2.782053
2.399310
2.474040
2.491786
2.796698
2.116275
2.374604
3.213914
2.356540
2.229920
2.451874
2.423471
2.519850
2.720512
2.165249
2.498081
2.573167
2.491300
2.528855
2.281537
2.272361
2.493385
2.358442
2.586976
2.389433
2.065783
2.595816
2.432280
2.497934
2.738364
2.372467
2.345480
2.681764
2.645043
2.540244
2.590915
2.490150
2.660550
2.489187
2.812303
2.477590
2.211100
2.353989
2.592934
2.280339
2.598862
2.496112
2.288560
2.928995
2.592535
2.422167
2.224924
2.657784
2.467925
2.633448
2.476603
2.577472
2.476694
2.361576
2.412349
2.331337
2.393652
2.805010
2.625747
2.699904
2.267880
2.563511
2.435161
2.549979
2.559309
2.675568
2.432997
2.349511
2.754370
2.254402
2.424477
2.645193
2.150160
2.334133
2.584378
2.598330
2.579117
2.516112
2.056146
2.349071
2.405635
2.429400
2.452472
2.190179
2.091890
2.865847
2.461987
2.238974
2.504745
2.613445
2.624958
2.456214
2.366188
2.741015
2.330444
2.484038
2.473203
2.951347
2.945630
2.370590
2.393587
2.633942
2.781213
2.691029
2.811367
2.597554
2.798642
2.556553
2.701416
2.671357
2.272073
2.435483
2.679866
2.732054
2.807051
2.618103
2.422134
2.450543
2.245093
2.336440
2.460700
2.274328
2.634643
2.402888
2.413236
2.525199
2.741137
2.356801
2.320367
2.831046
2.770154
2.404765
2.646248
2.445833
2.254454
2.429328
2.656062
2.302067
2.526618
2.614487
2.519372
2.632913
2.465285
2.555045
2.372201
2.041770
2.662590
2.714480
2.463903
2.334534
2.358597
2.913844
2.345352
2.502156
2.854726
2.140776
2.824447
2.363778
2.740147
2.288186
2.399783
2.554147
2.374614
2.329597
2.373334
2.675395
3.013040
2.658090
2.706237
2.561054
2.316443
2.294136
2.388111
2.548774
2.322006
2.672675
2.469721
2.586511
2.686196
2.446438
2.096802
2.341935
2.349935
2.682076
2.751751
2.507548
2.572998
2.139682
2.588352
2.507617
2.742481
3.171454
2.423019
2.326235
2.272102
2.274273
2.507120
2.806631
2.343842
2.600358
2.336975
2.848571
2.094206
2.201472
2.169340
2.500527
2.424572
2.289374
2.617776
2.300126
2.583622
2.402455
2.518511
2.587035
2.426632
2.638102
2.772207
2.520473
2.551369
2.396941
2.360772
2.937249
2.047425
2.493631
2.517323
2.196346
2.659102
2.539659
3.047467
2.324661
2.510059
2.113017
2.828866
2.467220
2.704682
2.450540
2.454877
2.529255
2.432894
2.424592
2.094534
2.773236
2.180585
2.761684
2.352416
2.471910
2.811131
2.357782
2.570333
2.558998
2.270573
2.408809
2.426943
2.488869
2.056412
2.653898
2.317750
2.542088
2.275805
2.504087
2.596376
2.659942
2.514970
2.609402
2.545019
2.546041
2.665668
2.551442
2.635510
2.559721
2.568694
2.539136
2.774778
1.923739
2.604426
2.892189
2.504150
2.868557
2.663777
2.611339
2.393697
2.353614
2.517573
2.482207
2.743740
2.311475
2.622264
2.083673
2.469126
2.129710
2.789456
2.630561
2.526311
2.121376
2.923472
2.419509
2.474927
2.674068
2.635762
2.797610
2.088955
2.455249
2.729745
2.723911
2.304863
2.662072
2.690949
2.404012
2.412833
2.105637
2.415199
2.288005
2.568634
2.338150
2.155484
2.587227
2.829848
2.708818
2.167940
2.305567
2.627395
2.621960
2.638682
2.327968
2.522723
2.424315
2.771910
2.688307
2.678915
2.421422
2.020287
2.609648
2.179323
2.384579
2.906499
2.265640
2.191617
2.597927
2.380427
2.699433
2.355091
2.400911
2.626900
2.622523
2.652135
2.270653
2.765053
2.742999
2.667217
2.225552
2.587455
2.521282
2.207611
2.994735
2.754352
2.538088
2.447904
2.849309
2.731478
2.101617
2.254608
2.540594
2.452048
2.310140
2.200150
2.628343
2.608918
2.484454
2.668731
2.600264
2.338317
2.507973
2.506690
2.428686
2.810081
2.625676
2.502100
2.763905
2.401152
2.518734
2.508278
2.775322
2.418945
2.497904
2.282654
2.532690
2.107230
2.791196
2.531580
2.742280
2.351458
2.572555
2.249965
2.629647
2.512426
2.631456
2.515205
2.467774
2.417776
2.368345
2.489963
2.579915
2.761184
2.564818
2.287604
2.451191
2.454398
2.236222
2.476939
2.394912
2.640751
2.427851
2.663283
2.500853
2.472714
2.515237
2.237847
2.259701
3.089863
2.320775
2.542602
2.332740
2.648466
2.527524
2.549161
2.729753
2.533332
2.844953
2.586780
2.413205
2.565989
2.449396
2.437410
2.226203
2.703710
2.403442
2.328174
2.392099
2.641434
2.563799
2.358974
2.285507
2.108837
2.516344
2.874521
2.686792
2.305806
2.451423
2.702380
2.713526
2.907801
2.290452
2.366500
2.391438
2.245463
2.572051
2.650232
2.363582
2.402870
2.231728
2.657132
2.447319
2.565004
2.485269
2.486405
2.514103
2.655086
2.521690
2.625649
2.691303
2.696452
2.436787
2.367795
2.158757
2.442771
2.508180
2.541499
2.429968
2.433206
2.496916
2.757091
2.094721
2.067012
2.463600
2.736379
2.687122
2.609939
2.588520
2.215789
2.681782
2.549501
2.600299
2.260210
2.322056
2.425766
2.365699
2.114058
2.512176
2.472510
2.377221
2.256740
2.434441
2.246054
2.327688
2.583222
2.290723
2.376971
2.331881
2.758597
2.328338
2.273083
2.760425
2.441787
2.562932
2.872845
2.254682
2.507431
2.764420
2.691663
2.730667
2.592597
2.642358
2.544487
2.239149
2.155738
2.155083
2.525926
2.775683
2.545595
2.336576
2.668568
2.602781
2.435849
2.501531
2.512686
2.248068
2.449862
2.487576
2.278011
2.520384
2.281521
2.496732
2.213415
2.328894
2.379190
2.415736
2.633349
2.177638
2.682594
2.299424
2.514108
2.331817
2.698915
2.439129
2.211076
2.535418
2.457621
2.713122
2.183038
2.478468
2.392520
2.528912
2.421855
2.653395
2.569490
2.391262
2.825202
2.495329
2.283497
2.580634
2.384765
2.540520
2.594155
2.551912
2.394527
2.697929
2.519833
2.511389
2.792668
2.122069
2.400954
2.023092
2.553341
2.370358
2.481249
2.373348
2.200098
2.627005
2.297249
2.552330
2.494614
2.541613
2.493252
2.031413
2.101093
2.260684
2.390711
2.793126
2.248288
2.399574
3.012279
2.757217
2.178014
2.662309
2.538316
2.520548
3.020740
2.282277
2.772896
2.442040
2.485707
2.477955
2.035596
2.175857
2.924003
2.674497
2.488759
2.360489
2.369832
2.265568
2.272647
2.277571
2.648278
2.307663
2.739905
2.269340
2.518513
2.419189
2.266108
2.658728
2.516778
2.381293
2.176573
2.831592
2.228528
2.869288
2.186897
2.445302
2.629050
2.601146
2.292915
2.308724
2.848512
2.348815
2.491318
2.385524
2.100262
2.408524
2.415319
2.741573
2.348473
2.393872
2.368103
2.477204
2.458574
2.347674
2.340993
2.243016
2.657085
2.224378
2.384680
2.589835
2.710276
2.809063
2.622325
2.435193
2.500105
2.683877
2.591071
2.045127
2.599495
2.688980
2.469074
2.408378
2.654486
2.493127
2.938580
2.429051
2.626361
2.520181
2.357888
2.659607
2.483015
2.612677
2.418383
2.751203
2.790661
2.490229
2.567236
2.713138
2.913191
2.358859
2.252529
2.219546
2.534446
2.917551
2.580630
2.626824
2.395517
2.720845
2.751950
2.342316
2.353388
2.796340
2.371176
2.623796
2.599729
2.209819
2.734189
2.835917
2.199398
2.872249
2.452401
2.239138
2.428516
2.622748
2.937528
2.789452
2.217932
2.673605
2.066811
2.663584
2.477455
2.610534
2.542307
2.246109
2.462644
2.194776
2.198381
2.123467
2.675347
2.408733
2.477245
2.483895
2.463159
2.082748
2.210544
2.202738
2.470000
2.551650
2.620538
2.260062
2.445201
2.883041
2.413192
2.122282
2.483108
2.178705
2.958028
2.360027
2.424229
2.165966
2.293571
2.004112
2.535004
2.422525
2.098154
2.413510
2.302917
2.468662
2.531564
2.705543
2.629560
2.516451
2.709264
2.542373
2.568998
2.519304
2.247988
2.145220
2.865382
2.298281
2.526321
2.570012
2.296654
2.775033
2.470389
2.045279
2.622484
2.339597
2.586494
2.101037
2.350042
2.323224
2.201532
2.345705
2.706552
2.366973
2.380197
2.343895
2.479883
2.591957
2.375898
2.465571
2.439947
2.431425
2.399374
2.886134
2.834076
2.446406
2.992106
2.662355
2.285887
2.272175
2.527781
2.592116
2.403589
2.363472
2.516020
2.501425
2.287808
2.178211
2.306655
2.576185
2.090326
2.447158
2.552997
2.428026
2.663560
2.352787
2.117191
2.908172
2.648289
2.253228
2.386746
2.486378
2.451709
2.374877
2.308170
2.598473
2.789573
2.781326
2.460562
2.470610
2.164553
2.543523
2.896065
2.283143
2.202871
2.366312
2.587182
2.511102
2.323755
2.855385
2.754423
2.019042
2.081906
2.168481
2.318827
2.713542
2.428667
2.448379
2.345439
2.712090
2.479184
2.572685
2.201628
2.759640
2.469630
2.850592
2.392908
2.359544
2.604084
2.294307
2.470440
2.762575
2.428568
2.635695
1.979521
2.422514
2.309845
2.476163
2.260216
2.516768
2.737062
2.169181
2.645395
2.584652
2.440010
2.631815
2.272533
2.792943
2.534361
2.552796
1.890405
2.783405
2.701256
2.627482
2.258825
2.325054
2.193904
2.175721
2.622682
2.289350
2.220482
2.561618
2.260813
2.587378
2.444998
2.214872
2.102318
2.403995
2.637054
2.171101
2.562363
2.421914
2.686820
2.386094
2.107500
2.778068
2.037539
2.491769
2.374932
2.687156
2.492991
2.562577
2.310164
2.385974
2.574615
2.340485
2.381590
2.494285
2.386969
2.503133
2.542614
2.130195
2.644327
2.314130
2.341609
2.257268
2.455810
2.529552
2.637366
2.746851
2.832241
2.618139
2.524877
2.472444
2.589252
2.499309
2.489313
2.395963
2.497933
2.571328
2.586822
2.564745
2.486147
2.696952
2.567477
2.520262
2.889477
2.713053
2.488351
2.822947
2.417772
2.378414
2.699627
2.645831
2.841619
2.532024
2.721048
2.419188
2.561218
2.307995
2.403490
2.216430
2.296958
2.461050
2.425720
2.247685
2.654895
2.781432
2.392005
2.624138
2.473950
2.576530
2.585297
2.719870
2.416112
2.449032
2.256370
2.421511
2.408506
2.760680
2.324821
2.468455
2.458015
2.195010
2.627392
2.195500
2.459823
2.423881
2.299606
2.634290
2.317306
2.364674
2.732445
2.655046
2.481155
2.410762
2.441341
2.743262
2.208222
2.260501
2.288618
2.822496
2.155627
2.493770
2.047126
2.623189
2.488078
2.261235
2.526631
2.500569
2.402164
2.593512
2.409731
2.402538
2.532189
2.488982
2.731498
2.469008
2.244864
2.593857
2.630528
2.518087
2.343059
2.736638
2.803068
2.502403
2.399147
2.543996
2.303942
2.814376
2.679262
2.533972
2.399279
2.580119
2.467695
2.920879
2.654122
2.394557
2.766590
2.637489
2.474009
2.532111
2.552674
2.439968
2.634486
2.511005
2.840858
2.365356
2.368945
2.482324
2.521915
2.693360
2.472882
2.584853
2.499333
2.793963
2.208497
2.384943
2.060251
2.750263
2.234886
2.592493
2.471598
2.318611
2.407137
2.623121
2.604981
2.785553
2.242347
2.450779
1.948384
2.631924
2.527865
2.347269
2.760802
2.348320
2.316216
2.507263
2.417479
2.043228
2.436648
3.083855
2.327679
2.499243
2.300669
2.297407
2.505449
2.553454
2.739781
2.342532
2.416508
2.832581
2.410467
2.513791
2.549693
2.401294
2.342814
2.655584
2.181098
2.596163
2.426422
2.297414
2.720608
2.551811
2.388315
2.685283
2.765787
2.623510
2.473087
2.365816
2.640430
2.563635
2.627894
2.473166
2.256042
2.903195
2.666666
2.377288
2.415495
2.216837
2.626140
2.739956
2.264837
2.314411
2.712932
2.624780
2.913404
2.647916
2.572448
2.577239
2.375267
2.596247
2.537113
2.219876
2.644771
2.632880
2.718260
2.095973
2.140062
2.443440
2.782701
2.849478
2.634801
2.241885
2.572999
2.654220
2.068657
2.473258
2.264357
2.377744
2.354123
1.946388
2.520419
2.706528
2.799538
2.276405
2.511019
2.617136
2.663487
2.386861
2.841714
2.770183
2.807172
2.089902
2.529281
2.433194
2.696220
2.625052
2.660177
2.219367
2.431648
2.528010
2.293363
2.550302
2.395171
2.889723
2.385974
2.425002
2.162233
2.511536
2.244852
2.906233
2.712145
2.307541
2.415918
2.837908
2.617105
2.416984
2.771101
2.634700
2.331957
2.342094
2.269152
2.134203
2.896077
2.725386
2.702225
2.698011
2.282556
2.725339
2.471408
2.963242
2.221655
2.339876
2.683807
2.297965
2.362576
2.516342
2.445627
2.098338
2.389611
2.391248
2.353115
2.840319
2.594118
2.593001
2.645660
2.256658
2.802990
2.350961
2.415790
2.629086
2.568769
2.220644
2.468645
2.460111
2.548077
2.532662
2.420043
2.625945
2.571041
2.326948
2.330097
2.360053
2.265399
2.802460
2.557732
2.537816
2.409289
2.311732
2.232337
2.272393
2.499106
2.284663
2.681696
2.496442
2.395324
2.352942
2.180161
2.601181
2.320753
2.580096
2.322660
2.520515
2.581430
2.605532
2.717661
2.400520
2.568067
2.855503
2.730257
2.680515
2.172215
2.502262
2.516825
2.218263
2.463589
2.667511
2.284987
2.481701
2.925614
2.616377
2.361904
2.429546
2.601724
2.408366
2.825837
2.532993
2.599509
2.673840
2.273412
2.596614
2.185773
2.469719
2.411776
2.631280
2.412929
2.572756
2.212453
2.526573
2.374093
2.734369
2.534360
2.361635
2.053198
2.565435
2.487140
2.265700
2.656709
2.284625
2.774141
2.299110
2.153143
2.419919
2.712162
2.484102
2.289907
2.624970
2.416539
2.439517
2.766821
2.678441
2.236498
2.291265
2.760644
2.498067
2.632739
2.392256
2.370636
2.577520
2.478707
2.483947
2.507024
2.795670
2.663491
2.627698
2.703298
2.586866
2.380022
2.652488
2.689693
2.150488
2.795544
2.264151
2.586018
2.950734
2.444219
2.246311
2.545646
2.722634
2.481361
2.581305
2.486337
2.698094
2.627508
2.280089
2.378039
2.198336
2.546075
2.279277
2.558731
2.338870
2.228989
2.209458
2.879915
2.371558
2.250917
2.634621
2.618711
2.746699
2.249808
2.222241
2.533842
2.799550
2.567057
2.404902
2.561606
2.701006
2.530436
2.594961
2.644625
2.433230
2.407753
2.401232
2.338695
2.441122
2.611106
2.204696
2.684654
2.801593
2.696885
2.235002
2.532670
2.707145
2.302141
2.402844
2.420774
2.225060
2.452528
2.345555
2.406722
2.626009
2.432060
2.855207
2.527900
2.622120
2.565896
2.466616
2.306739
2.254946
2.627046
2.380044
2.617681
2.688414
2.449446
2.853902
2.389799
2.599471
2.465437
2.477729
2.353466
2.514192
2.312573
2.836449
2.463107
2.530236
2.341198
2.317304
2.320914
2.295262
2.163239
2.336189
2.436841
2.454788
2.261626
2.229220
2.655660
2.223843
2.653834
2.235737
2.448851
2.238448
2.298355
2.431244
2.643479
2.610355
2.533756
2.491818
2.584098
2.559933
2.489596
2.557445
2.407147
2.315146
2.652388
2.595041
2.387728
2.325621
2.746718
2.696431
2.566170
2.332652
2.468260
2.270087
2.561538
2.358920
2.514679
2.496521
2.739789
2.238462
1.906997
2.614254
2.691644
2.735079
2.580672
2.200510
2.745678
2.566887
2.859946
2.342486
2.707079
2.747232
2.768494
2.500375
2.712927
2.721345
2.385010
2.619655
2.274511
2.123179
2.522516
2.466849
2.589106
2.558772
2.690548
2.500153
2.457836
2.302931
2.318241
2.531180
2.737751
2.211787
2.475849
2.725014
2.406959
2.245277
2.338556
2.544526
2.601275
2.725004
2.002075
2.780492
2.243076
2.335356
2.670906
2.387238
2.218697
2.375204
2.860545
2.628869
2.582465
2.464456
2.505270
2.892810
2.563028
2.304857
2.522656
2.738835
2.282816
2.382871
2.811373
1.889080
2.419608
2.872348
2.366341
2.389282
2.267735
2.833543
2.409086
2.409329
2.564356
2.135873
